image_width: 1280
image_height: 1024
camera_name: narrow_stereo
camera_matrix:
  rows: 3
  cols: 3
  data: [1579.974995 ,0.000000, 638.426739,0.000000, 1575.835079, 527.505038 ,0.000000 ,0.000000 ,1.000000]
distortion_model: plumb_bob
distortion_coefficients:
  rows: 1
  cols: 5
  data: [-0.082389 ,0.232882, 0.001746, 0.000359, 0.000000]
rectification_matrix:
  rows: 3
  cols: 3
  data: [1., 0., 0.,
         0., 1., 0.,
         0., 0., 1.] 
projection_matrix:
  rows: 3
  cols: 4
  data: [ 1571.859619, 0.000000, 638.280482 ,0.000000,0.000000 ,1566.540405 ,528.159389 ,0.000000,0.000000 ,0.000000 ,1.000000 ,0.000000]